10
9.029 195.2
41.483 356.9
59.674 195.5
98.835 239.4
118.560 155.1
185.064 126.1
202.258 123.8
206.788 164.2
233.992 203.1
282.069 45.6
324.967 286.1
327.385 172.1
381.429 172.9
399.232 220.9
425.606 391.9
477.972 149.9
477.980 233.3
501.112 181.6
518.187 217.7
558.738 140.5
639.424 215.3
639.552 129.6
686.836 172.9
691.399 263.5
726.304 122.9
800.392 387.0
805.419 220.1
850.131 210.8
856.721 258.8
858.477 128.4
905.514 178.9
926.484 214.9
927.842 435.7
1014.154 308.6
1016.072 111.0
1136.071 364.0
1146.090 242.5
1176.214 120.4
1176.299 156.9
1185.141 233.0
1213.188 57.5
1251.758 285.0
1268.042 157.5
1295.286 87.1
1299.159 365.6
1369.518 160.6
1413.937 210.7
1478.682 86.3
1533.627 87.7
1543.514 241.5
1546.376 230.8
1555.058 328.7
1593.026 205.5
1632.347 395.7
1637.119 381.5
1658.100 441.4
1708.093 142.2
1721.594 276.7
1751.551 162.4
1759.846 234.2
1831.253 261.5
1869.334 153.9
1895.406 107.4
1941.349 205.3
1966.653 184.8
1984.369 363.3
2004.497 98.8
2014.110 152.5
2082.711 198.7
2133.325 186.3
2144.652 273.4
2174.897 157.6
2175.504 112.6
2231.982 408.7
2272.803 178.1
2276.451 349.5
2286.606 424.4
2300.125 195.1
2323.117 189.7
2395.941 209.8
2424.207 299.1
2435.555 305.8
2444.055 389.8
2461.983 398.8
2517.733 261.1
2572.981 180.1
2584.910 328.5
2591.282 247.3
2641.625 264.9
2652.031 138.2
2674.867 348.8
2706.728 216.1
2734.966 309.6
2769.806 127.8
2842.638 283.7
2859.897 136.7
2870.601 238.0
2879.984 319.1
2950.294 282.5
3014.161 164.6
3026.480 102.2
3037.690 178.2
3118.031 360.9
3126.897 173.9
3187.531 199.7
3208.789 299.5
3223.545 393.9
3234.659 272.5
3279.474 214.5
3330.905 251.2
3337.318 178.7
3393.699 247.5
3400.218 114.8
3415.279 177.0
3451.564 147.8
3493.716 262.9
3508.904 221.2
3536.400 175.0
3539.083 99.1
3560.215 191.2
3629.054 108.4
3641.628 90.2
3660.524 263.3
3810.260 297.4
3815.666 326.4
3862.297 217.6
3868.158 60.9
3876.706 175.4
3877.395 130.1
3930.078 160.4
3947.847 331.2
3961.607 318.5
3983.887 227.2
3984.293 226.4
4051.020 282.2
4100.657 200.2
4131.554 294.9
4168.396 228.3
4182.476 311.4
4192.875 184.7
4193.250 154.4
4215.734 207.1
4227.799 169.9
4265.421 300.9
4316.979 169.6
4369.822 292.5
4398.080 152.3
4437.025 143.2
4497.204 196.2
4527.148 498.9
4557.748 139.4
4560.104 217.9
4610.667 198.1
4615.062 124.6
4644.773 172.4
4716.275 184.9
4723.013 267.7
4733.221 241.7
4754.993 377.4
4760.808 550.1
4824.620 150.8
4833.954 181.8
4896.806 139.8
4921.881 188.8
5006.079 181.1
5048.338 133.7
5068.759 175.4
5076.506 364.5
5104.673 405.5
5178.049 163.0
5193.838 323.8
5254.322 85.4
5258.120 138.5
5273.935 112.0
5275.653 125.4
5333.697 84.4
5392.705 261.6
5407.491 87.7
5412.690 166.7
5417.994 325.8
5436.987 380.3
5485.053 337.3
5485.381 145.7
5545.663 235.9
5559.941 264.4
5562.736 179.3
5576.888 332.5
5591.136 242.7
5609.850 105.4
5640.361 94.1
5721.973 333.9
5729.477 164.0
5735.638 176.7
5736.160 319.5
5784.428 275.4
5794.903 192.1
5831.272 193.1
5831.815 161.7
5977.571 245.6
5987.526 422.3
5992.172 280.7
6035.587 307.1
6102.303 186.2
6160.728 54.2
6162.346 308.7
6190.894 282.2
6227.530 198.5
6233.622 225.4
6252.974 331.0
6268.691 332.1
6291.341 306.1
6304.991 82.0
6322.696 518.7
6344.732 209.4
6360.090 162.3
6394.758 141.4
6496.635 291.5
6556.276 220.1
6576.506 225.0
6593.169 319.9
6596.035 129.0
6670.686 216.0
6671.002 197.7
6672.524 269.3
6698.126 165.2
6796.638 327.2
6803.445 251.5
6869.668 137.4
6877.070 122.6
6996.310 167.2
7025.988 273.4
7030.231 166.5
7057.517 504.5
7077.279 130.3
7124.973 255.1
7142.569 348.8
7198.853 269.3
7228.639 303.0
7235.972 280.0
7245.793 78.6
7246.107 140.4
7266.285 232.1
7276.979 522.9
7334.511 311.5
7340.789 213.9
7357.409 225.5
7364.817 278.7
7368.735 66.2
7374.831 126.6
7375.730 188.4
7418.986 230.5
7432.561 142.6
7460.298 233.4
7592.140 258.6
7703.901 256.4
7744.179 175.1
7751.192 316.3
7782.045 236.0
7802.279 245.7
7809.058 90.7
7837.695 363.2
7869.734 257.6
7904.612 398.6
7953.219 154.5
7957.173 103.9
7979.373 131.0
7982.591 181.9
8004.471 171.1
8043.903 139.3
8097.735 196.5
8113.341 213.1
8124.090 357.9
8214.128 413.3
8221.227 467.0
8285.224 211.6
8309.476 276.5
8330.911 271.8
8416.032 245.4
8440.941 345.2
8451.959 110.8
8467.791 201.7
8468.434 364.8
8491.770 123.2
8550.363 299.8
8571.618 105.0
8614.781 177.0
8629.639 299.0
8642.584 319.4
8646.754 233.4
8665.688 290.8
8690.101 273.3
8719.815 272.7
8783.779 402.5
8832.075 312.1
8883.340 101.6
8910.376 136.0
8927.381 345.2
8930.508 145.9
9012.868 263.2
9082.927 136.2
9093.043 401.7
9103.671 221.2
9170.460 237.4
9186.294 185.4
9203.500 173.9
9213.860 136.8
9237.091 309.5
9258.966 129.3
9261.777 72.0
9305.079 162.4
9347.143 447.2
9360.067 120.7
9370.136 152.7
9395.540 198.3
9398.712 212.6
9436.657 163.5
9470.061 256.4
9507.521 285.1
9558.680 174.4
9662.383 290.3
9683.926 263.7
9736.839 126.0
9753.123 175.9
9766.429 311.6
9806.070 195.7
9841.320 213.3
9850.514 421.8
9888.847 283.8
9893.582 81.0
9893.939 331.4
9945.567 289.7
9961.422 244.9
9973.605 286.6
9974.558 246.8
10008.334 212.9
10062.778 378.2
10100.150 250.3
10116.723 69.7
10136.969 224.6
10225.330 276.3
10301.130 255.3
10312.984 368.8
10371.882 88.8
10375.679 131.3
10396.270 178.0
10405.682 204.2
10420.711 392.8
10494.887 314.8
10506.005 252.9
10509.609 309.0
10517.546 279.0
10531.815 167.6
10547.578 202.4
10552.560 212.2
10576.386 281.1
10654.042 268.6
10673.006 174.0
10678.005 107.2
10694.170 316.2
10763.829 308.2
10796.816 349.1
10810.632 169.3
10941.354 265.7
10968.430 364.0
10975.938 402.7
11025.711 119.1
11045.553 285.8
11095.427 194.8
11117.215 285.9
11120.608 227.7
11128.088 117.7
11160.068 341.3
11185.448 284.2
11193.046 379.7
11201.576 246.6
11203.636 125.7
11219.911 424.8
11291.687 205.0
11299.763 363.2
11305.968 232.7
11369.949 400.5
11373.450 292.0
11374.843 319.7
11376.791 187.4
11463.563 199.6
11477.562 177.0
11542.086 154.4
11619.048 321.6
11636.328 54.1
11659.285 142.6
11666.517 187.0
11730.814 354.8
11766.126 201.0
11796.316 245.4
11881.116 299.1
11904.115 170.0
11904.131 146.0
11908.334 354.9
11928.836 269.0
11933.255 145.2
11961.076 91.0
12007.500 265.4
12063.196 134.3
12104.369 151.1
12109.840 290.0
12111.167 427.2
12151.696 189.2
12221.138 368.7
12324.392 334.7
12332.820 273.5
12347.505 297.1
12359.349 92.0
12360.939 313.2
12369.827 154.9
12417.445 96.6
12417.844 320.2
12436.804 382.9
12518.731 187.6
12582.179 220.2
12608.791 236.2
12660.274 189.6
12691.007 278.7
12733.498 347.6
12846.667 270.3
12853.207 112.4
12858.323 288.4
12875.947 392.6
12886.404 200.6
12900.272 166.6
12908.847 390.6
12931.566 194.1
12937.078 215.6
13007.781 247.9
13014.966 117.4
13038.599 319.4
13084.175 204.9
13152.540 157.6
13216.078 335.9
13237.753 227.9
13288.065 138.0
13366.898 213.2
13374.223 150.8
13378.244 258.5
13396.165 130.5
13412.520 335.1
13450.681 293.5
13467.509 141.1
13467.690 273.7
13476.086 296.3
13532.631 211.4
13539.157 294.8
13549.205 159.6
13602.641 334.1
13613.177 288.5
13613.866 174.5
13631.569 72.7
13668.681 333.4
13722.822 318.0
13726.886 275.1
13751.949 234.9
13827.258 598.8
13865.316 57.5
13943.583 250.7
13944.641 279.1
13965.148 429.8
14003.305 326.3
14022.772 421.1
14057.720 258.4
14076.776 311.2
14083.490 188.5
14091.350 320.6
14143.801 291.7
14172.843 102.3
14239.070 410.5
14298.146 213.4
14369.943 79.8
14376.240 121.6
14380.631 252.3
14389.032 159.1
14424.607 318.1
14434.478 322.8
14486.389 175.9
14489.066 255.8
14508.634 206.7
14523.417 307.3
14542.790 255.4
14547.741 126.8
14558.707 331.5
14577.582 189.7
14584.439 293.0
14592.368 476.2
14675.328 314.1
14713.238 174.1
14724.928 189.0
14835.347 209.2
14871.152 241.5
14880.860 354.7
14889.139 287.2
14930.080 138.9
14956.149 266.5
14966.584 331.8
14972.706 293.1
14990.917 179.8
15048.643 359.9
15089.244 391.3
15281.415 197.0
15294.802 243.3
15297.097 138.3
15353.085 121.9
15358.951 320.0
15392.487 135.6
15396.430 249.1
15396.677 299.1
15409.415 199.1
15428.918 183.9
15453.311 173.6
15459.673 291.0
15461.832 155.7
15465.664 290.0
15523.273 561.9
15529.711 283.3
15530.950 308.3
15631.061 313.7
15670.215 188.2
15708.304 67.1
15730.498 114.0
15764.990 235.7
15776.559 210.4
15785.638 180.3
15852.789 330.0
15894.634 36.5
15898.259 185.9
15905.400 336.6
15978.733 342.2
16068.823 201.3
16122.901 156.3
16135.765 287.1
16218.862 228.8
16248.398 300.5
16248.949 76.6
16302.296 355.6
16313.602 214.8
16352.263 58.2
16365.616 272.9
16394.679 263.4
16397.115 214.8
16444.901 118.6
16462.482 209.9
16467.744 83.4
16470.920 202.2
16492.476 168.3
16497.232 499.3
16500.221 161.6
16540.666 371.1
16666.075 292.6
16674.948 166.4
16690.389 340.7
16758.463 91.4
16771.956 234.7
16778.040 362.9
16845.136 242.0
16849.955 210.0
16894.315 247.8
16937.588 204.9
16964.953 277.4
16987.267 198.5
17061.267 207.0
17094.063 88.8
17120.638 328.2
17133.433 114.3
17189.500 252.0
17203.946 293.7
17231.286 231.7
17240.531 206.1
17245.927 240.4
17256.311 200.9
17339.094 220.8
17396.128 67.2
17405.317 252.0
17453.304 296.8
17502.825 270.2
17520.355 286.2
17536.315 105.2
17553.546 63.9
17554.257 222.6
17632.840 205.3
17640.988 190.3
17691.343 67.2
17701.507 248.1
17717.768 385.7
17808.881 185.8
17814.119 188.4
17854.622 274.5
17865.522 180.6
17867.885 155.3
17877.993 183.3
17880.878 156.1
17886.088 308.2
17903.291 114.1
17922.670 163.9
17983.680 201.7
17987.749 65.8
18000.257 226.0
18030.136 213.8
18192.147 112.5
18194.349 264.7
18198.812 312.8
18229.017 218.8
18231.820 319.5
18247.955 108.8
18251.562 355.5
18338.079 234.2
18381.631 339.3
18408.535 226.4
18418.428 96.2
18432.478 358.4
18460.357 188.4
18490.671 287.3
18492.648 301.8
18547.279 129.1
18567.483 178.6
18601.323 116.9
18601.684 245.5
18620.197 202.7
18694.811 305.5
18711.389 248.3
18752.651 251.1
18759.751 228.3
18774.414 248.5
18852.895 122.8
18927.146 267.0
18929.821 168.9
18988.401 183.2
19009.411 390.4
19067.039 285.1
19119.771 195.7
19209.916 242.3
19276.158 296.4
19316.584 185.0
19321.671 217.0
19329.663 190.2
19368.120 240.7
19388.523 203.1
19406.333 320.6
19417.362 278.7
19445.040 190.1
19455.829 274.6
19473.487 318.0
19499.899 329.6
19527.006 321.8
19559.816 292.3
19605.609 211.8
19620.536 247.2
19648.840 294.4
19654.568 255.5
19656.509 225.6
19701.936 126.8
19708.558 214.1
19716.481 140.7
19717.665 139.9
19719.318 253.3
19726.397 330.5
19792.003 88.5
19803.506 171.1
19803.720 335.2
19966.089 318.6
19982.148 319.3
20000.203 342.2
20018.616 129.3
20128.450 246.0
20138.006 132.3
20211.909 215.2
20275.205 218.1
20279.767 178.6
20293.050 400.6
20301.489 143.5
20308.267 180.8
20383.815 250.1
20398.754 230.4
20426.072 322.0
20499.692 271.9
20505.728 351.4
20548.858 351.2
20549.948 157.7
20561.797 302.6
20620.584 197.5
20640.573 242.1
20646.897 213.1
20692.876 369.7
20713.861 340.0
20717.181 454.1
20725.380 222.2
20744.472 281.7
20788.589 188.1
20810.088 241.7
20815.664 86.9
20830.943 140.8
20870.034 322.0
20964.644 149.4
20990.661 103.1
20998.103 232.7
21030.186 207.8
21064.124 345.7
21075.649 153.0
21075.750 275.1
21137.483 195.4
21151.421 268.3
21167.953 173.6
21210.988 292.9
21234.958 213.7
21259.280 122.1
21273.702 259.9
21293.797 168.9
21316.866 237.9
21364.886 272.9
21406.663 163.4
21436.135 130.3
21592.504 100.7
21641.779 176.4
21695.051 165.1
21718.273 339.5
21869.854 224.7
21882.180 266.3
21899.074 410.3
21939.392 353.8
21975.348 316.5
21981.819 79.2
22022.997 276.2
22024.001 327.6
22045.662 353.0
22059.086 325.1
22104.820 465.0
22110.230 221.0
22216.056 191.5
22239.898 133.5
22261.760 331.9
22282.075 169.9
22286.597 231.7
22315.630 130.1
22354.701 178.1
22355.644 247.9
22362.318 295.9
22394.516 133.8
22435.540 167.0
22457.359 190.6
22524.238 192.1
22598.357 307.4
22598.751 290.9
22607.922 139.5
22609.153 230.1
22617.418 282.1
22643.450 282.8
22661.496 359.8
22674.374 83.8
22685.075 251.2
22707.269 237.3
22720.775 297.5
22770.135 273.6
22781.381 298.8
22820.543 319.2
22838.693 236.3
22849.862 359.2
22898.113 221.1
22927.000 253.3
22938.720 227.3
23020.788 119.1
23027.723 98.2
23061.926 355.7
23094.309 51.4
23100.862 194.3
23138.477 156.9
23155.302 175.1
23164.912 199.3
23190.185 421.3
23243.625 207.7
23279.386 130.0
23288.417 306.3
23351.316 272.0
23363.782 240.2
23377.389 158.9
23388.929 126.1
23405.632 298.0
23433.828 263.7
23461.269 279.8
23586.330 421.6
23589.778 300.9
23633.780 261.7
23757.701 222.1
23772.015 220.3
23777.386 313.5
23780.968 61.1
23802.890 266.6
23832.979 78.1
23833.311 213.9
23878.648 313.0
23884.567 91.6
23888.644 237.8
23956.575 449.8
24009.838 269.3
24012.503 211.4
24099.621 310.8
24113.949 173.8
24243.525 171.8
24245.144 214.9
24250.170 197.7
24261.333 207.7
24274.329 205.4
24277.320 333.3
24295.326 274.2
24321.254 277.4
24329.226 219.3
24354.777 252.5
24408.342 146.5
24413.483 153.4
24420.630 118.1
24434.702 121.4
24439.114 163.0
24468.545 136.7
24474.107 434.9
24518.372 154.5
24616.865 442.2
24656.670 109.8
24658.148 176.2
24792.131 408.4
24809.058 114.8
24839.186 135.8
24864.003 453.1
24873.909 151.2
24886.328 353.3
24933.241 182.9
24945.660 267.8
25007.549 252.8
25087.937 180.6
25099.546 168.6
25100.623 280.4
25148.542 393.0
25151.358 246.3
25215.330 271.7
25231.054 145.0
25234.485 296.5
25243.460 377.1
25257.625 263.9
25264.964 209.8
25266.244 293.9
25289.703 131.8
25352.568 187.8
25367.000 240.5
25396.695 184.5
25399.291 223.2
25438.988 185.2
25458.786 226.3
25459.350 269.9
25461.172 364.8
25484.746 234.9
25540.534 133.1
25596.705 228.1
25641.441 191.3
25727.322 191.5
25864.310 263.7
25881.797 297.6
25912.833 128.0
25945.478 220.6
25993.529 153.1
25994.306 289.9
25996.859 411.4
25996.960 209.3
26029.591 82.0
26071.505 341.7
26089.552 299.6
26133.202 323.2
26138.893 142.8
26218.955 242.2
26242.975 212.0
26260.029 328.2
26261.417 193.9
26284.712 242.9
26357.321 80.1
26421.484 183.5
26448.446 349.9
26476.194 337.9
26476.705 106.5
26478.427 330.2
26488.429 329.5
26521.805 216.5
26562.839 355.0
26569.913 327.3
26600.466 250.6
26638.375 231.1
26640.235 218.0
26661.206 368.6
26666.628 236.0
26695.374 206.0
26717.103 179.9
26731.697 367.5
26776.754 278.0
26789.356 258.0
26850.183 188.8
26901.242 249.1
26923.961 297.7
26925.693 234.8
26928.337 235.2
26994.348 484.7
26998.488 194.1
27117.688 201.8
27125.442 258.0
27195.167 252.1
27202.193 181.0
27244.331 186.8
27299.888 352.2
27351.831 157.9
27364.122 201.7
27366.025 245.1
27405.364 180.4
27434.968 299.5
27447.321 258.1
27457.780 206.1
27460.500 272.6
27464.275 195.7
27590.999 232.8
27607.702 202.4
27620.183 126.9
27626.140 319.0
27662.679 90.6
27666.074 154.1
27692.178 265.9
27698.537 291.0
27707.977 314.2
27733.135 271.3
27752.904 216.1
27818.136 177.8
27899.919 149.2
27909.048 282.3
27911.893 234.7
27914.699 135.7
27931.975 234.6
27955.724 212.1
28044.696 426.2
28067.363 159.2
28092.753 281.6
28125.988 95.4
28133.743 47.8
28168.987 255.9
28183.163 90.7
28199.789 102.8
28264.917 272.9
28339.673 280.8
28350.735 265.0
28376.963 452.4
28411.775 341.6
28451.124 311.7
28452.174 169.9
28535.137 57.3
28548.303 343.7
28585.732 258.1
28714.972 133.1
28723.419 175.2
28765.444 339.3
28771.548 108.1
28784.308 484.5
28790.964 118.5
28812.892 318.2
28843.858 395.4
28869.722 285.2
28873.648 131.7
28939.430 269.7
28955.245 310.3
29087.485 141.6
29097.012 311.0
29107.776 170.2
29167.334 388.2
29172.880 116.6
29179.568 307.7
29209.449 307.4
29213.963 183.2
29260.734 368.5
29310.998 81.0
29349.152 245.5
29357.693 319.5
29414.032 342.8
29442.998 152.5
29459.237 286.5
29504.789 166.7
29518.403 197.9
29539.159 298.5
29547.522 157.8
29582.182 214.1
29587.104 423.5
29612.298 103.5
29670.901 164.9
29697.958 240.3
29765.144 154.6
29782.369 212.8
29817.863 261.0
29819.246 183.7
29820.353 224.0
29837.940 191.6
29859.555 48.9
29931.385 390.6
30013.291 130.0
30057.790 399.8
