10
11.066 129.2
39.171 114.7
72.870 233.9
118.389 225.9
126.299 244.2
173.786 188.2
179.880 114.0
213.356 201.4
261.220 192.0
263.467 121.0
295.270 159.2
327.805 223.3
371.303 168.0
394.476 221.0
457.208 151.1
462.773 137.6
470.930 249.8
560.269 114.6
572.997 194.1
575.583 258.5
600.275 386.5
653.749 134.3
685.804 78.2
732.602 314.0
742.468 279.6
747.982 221.4
796.278 70.4
814.492 118.6
869.850 185.1
931.379 231.5
940.015 253.3
943.458 284.4
963.671 226.4
1007.989 148.3
1024.478 225.6
1035.145 296.1
1132.017 157.9
1140.881 151.0
1187.495 52.3
1199.047 95.8
1217.464 121.8
1231.515 278.6
1292.905 267.4
1318.282 205.8
1366.659 158.9
1378.791 265.5
1430.839 114.3
1446.398 173.6
1449.472 188.1
1469.003 115.9
1506.554 310.5
1530.212 240.3
1585.635 300.5
1590.173 152.6
1651.856 45.3
1671.249 204.6
1720.901 149.4
1757.414 271.5
1796.202 259.4
1810.531 98.1
1854.373 174.1
1887.878 220.2
1889.543 115.1
1918.285 213.5
1922.356 127.4
1930.233 377.9
1981.564 272.4
2006.364 137.7
2061.481 136.8
2141.350 244.5
2154.049 247.1
2213.351 87.7
2232.260 58.7
2255.754 199.7
2260.478 126.4
2287.011 144.4
2310.624 239.8
2354.176 181.1
2360.576 164.0
2375.755 147.6
2471.588 258.9
2477.845 283.9
2494.033 319.0
2498.398 131.2
2542.820 218.3
2557.044 169.1
2587.167 275.3
2590.120 86.9
2661.675 90.0
2671.762 170.3
2699.945 120.3
2715.715 175.2
2720.491 44.7
2772.643 437.5
2780.223 77.1
2894.458 108.6
2895.039 198.9
2910.555 35.9
2918.770 190.0
2928.371 115.1
2935.683 65.3
3059.773 231.4
3070.983 202.5
3086.581 498.1
3113.837 167.8
3118.351 249.9
3132.658 172.5
3161.198 217.8
3205.080 268.6
3275.029 104.5
3293.721 181.3
3307.436 199.7
3347.058 248.8
3400.539 301.3
3431.964 111.0
3452.175 160.1
3501.891 167.5
3526.124 224.3
3533.828 131.2
3543.759 119.1
3613.001 25.0
3626.984 153.0
3643.690 61.0
3668.916 246.1
3693.080 260.9
3715.290 219.4
3833.490 279.8
3842.428 163.9
3856.537 181.0
3914.773 153.3
3918.378 235.5
3934.371 267.1
3940.458 104.8
3954.381 109.5
3972.168 350.4
4009.208 225.7
4052.199 114.8
4095.769 303.6
4103.364 129.7
4141.988 230.8
4173.706 182.5
4182.759 206.9
4185.810 253.5
4315.032 216.3
4362.652 190.2
4379.244 226.9
4437.703 270.6
4457.087 186.1
4466.625 247.5
4478.990 157.2
4533.257 105.3
4544.383 137.8
4589.748 206.1
4599.380 296.6
4614.852 203.2
4645.973 273.1
4654.853 158.3
4705.610 233.2
4770.602 79.7
4800.179 114.4
4815.680 361.7
4837.700 97.1
4844.411 177.6
4852.250 240.5
4859.697 260.5
4893.636 169.7
4912.400 339.7
5022.036 161.8
5049.171 222.9
5106.752 214.3
5168.933 215.4
5196.755 235.9
5248.192 147.9
5263.235 119.5
5285.619 197.2
5287.585 164.6
5301.919 209.6
5318.860 167.4
5329.675 226.9
5360.372 153.5
5363.476 246.0
5439.940 214.5
5459.823 303.8
5499.725 106.7
5505.386 227.2
5549.110 102.0
5579.209 263.5
5587.479 170.5
5600.007 163.9
5623.563 207.0
5671.995 334.6
5705.224 92.6
5751.190 178.9
5782.841 116.8
5839.316 209.7
5877.857 214.2
5886.435 219.2
5954.091 176.6
5996.882 251.4
6011.929 184.3
6024.034 210.0
6034.168 105.2
6083.918 319.9
6096.357 158.0
6129.801 157.0
6146.552 295.4
6215.280 162.4
6293.452 315.5
6304.559 163.3
6332.360 188.5
6342.152 265.8
6363.105 101.3
6376.979 307.7
6382.376 223.6
6419.485 333.0
6459.062 221.2
6576.092 1027.6
6576.974 225.6
6617.995 260.0
6635.734 127.0
6661.221 95.9
6666.904 197.8
6686.468 205.5
6713.397 201.9
6748.878 109.2
6810.735 272.7
6828.643 72.5
6878.177 223.5
6882.080 242.8
6890.421 111.0
6916.211 265.9
6936.513 220.8
6946.160 258.2
6982.984 185.2
7031.563 271.1
7037.878 117.0
7072.707 95.8
7085.230 212.7
7134.124 262.1
7153.342 174.5
7222.630 85.1
7223.683 192.8
7242.371 107.4
7264.489 188.3
7389.490 267.3
7429.593 139.1
7439.220 135.7
7448.248 341.4
7526.208 95.1
7527.786 172.8
7552.908 67.5
7554.995 307.2
7608.433 57.3
7620.851 256.7
7737.067 103.6
7746.555 183.5
7772.371 166.4
7776.004 338.6
7780.292 122.4
7790.879 141.3
7909.487 122.0
7914.344 163.4
7922.180 217.8
7927.615 136.2
7930.893 251.2
7980.944 263.3
8007.758 183.8
8021.992 152.1
8031.661 470.2
8033.294 88.5
8039.705 103.9
8045.255 152.8
8133.654 100.7
8196.117 136.1
8211.860 200.0
8306.576 334.8
8357.909 205.1
8369.191 162.7
8385.823 190.5
8421.621 271.1
8431.957 330.0
8474.161 260.1
8484.396 118.6
8501.481 168.4
8529.428 71.8
8550.225 270.2
8625.467 219.3
8627.127 119.2
8653.258 131.0
8675.393 296.3
8684.452 126.1
8697.925 132.7
8727.361 240.2
8737.935 232.3
8742.277 197.6
8789.552 52.1
8934.563 390.6
9039.899 157.0
9057.458 255.2
9059.860 254.9
9061.962 271.9
9087.670 251.6
9162.552 159.0
9163.454 253.9
9164.452 125.1
9229.557 171.4
9264.932 184.5
9265.980 160.5
9267.837 215.5
9326.585 376.2
9337.615 208.9
9351.367 166.9
9359.850 155.5
9371.035 155.0
9399.058 306.1
9411.702 290.5
9413.256 135.6
9446.172 174.4
9457.076 189.0
9473.645 80.7
9584.030 157.0
9614.202 214.2
9644.239 248.5
9671.676 139.7
9695.479 250.0
9717.286 99.0
9727.515 74.2
9755.783 246.4
9763.060 155.4
9782.065 194.3
9802.504 185.4
9950.319 233.6
10008.870 129.9
10022.596 234.5
10105.392 282.0
10108.526 196.5
10162.573 128.1
10164.123 196.3
10187.934 217.5
10202.438 120.7
10230.328 155.4
10246.352 182.3
10269.156 132.3
10272.051 188.2
10287.288 221.4
10365.854 114.1
10393.655 131.8
10396.761 383.9
10399.704 106.2
10401.466 82.9
10416.497 133.0
10477.290 117.1
10589.440 297.0
10693.738 218.1
10734.386 367.9
10763.946 153.9
10771.883 88.2
10772.308 183.6
10776.947 170.9
10779.478 239.2
10811.941 264.1
10827.373 175.8
10833.370 328.4
10849.229 251.8
10871.849 148.4
10939.547 142.7
10968.291 285.8
11056.883 201.8
11093.357 295.1
11097.872 183.2
11130.342 294.3
11176.196 84.2
11220.724 164.6
11283.031 215.9
11302.658 111.3
11311.040 155.8
11312.457 348.1
11335.798 162.5
11339.042 460.5
11340.872 206.8
11400.238 189.5
11413.817 146.1
11439.603 73.0
11532.817 123.9
11553.982 189.0
11557.604 227.5
11693.796 178.7
11697.458 162.4
11710.765 261.6
11741.874 271.2
11777.711 266.1
11791.164 96.8
11793.861 208.7
11835.909 64.2
11852.728 433.4
11887.958 261.4
11890.220 206.1
11938.824 243.0
11940.580 100.5
12025.341 225.4
12127.366 76.1
12163.537 121.7
12225.555 170.0
12238.421 102.4
12261.656 147.7
12274.327 100.0
12294.301 195.2
12305.661 249.8
12331.811 200.9
12366.241 237.8
12368.821 177.5
12371.950 291.6
12379.912 220.7
12380.737 169.1
12388.934 308.9
12448.314 168.0
12465.673 221.7
12489.342 356.2
12498.949 202.5
12514.346 154.5
12614.844 129.6
12631.277 176.5
12638.846 257.3
12680.033 146.1
12693.432 181.9
12778.760 120.7
12822.422 73.1
12850.748 179.9
12889.863 179.2
12915.548 177.7
12928.834 185.4
12930.244 287.6
12954.140 153.9
13001.356 160.9
13007.262 418.8
13082.896 151.6
13130.590 167.9
13139.620 138.4
13152.285 140.8
13269.091 251.3
13275.215 298.2
13286.231 123.2
13286.359 83.2
13316.219 210.4
13319.412 188.9
13321.343 133.4
13328.946 132.6
13382.928 202.8
13383.600 168.4
13431.266 123.0
13520.026 178.9
13617.592 309.3
13626.680 74.3
13630.170 120.8
13639.634 173.1
13658.208 286.1
13670.224 158.7
13677.879 191.5
13691.249 262.6
13696.953 122.6
13770.098 114.7
13783.049 162.5
13787.689 135.8
13801.320 226.8
13803.634 250.5
13837.432 223.4
13854.478 118.9
14023.432 340.3
14027.897 164.4
14074.357 269.7
14137.941 147.6
14192.414 263.8
14270.271 168.7
14273.664 152.0
14276.560 268.7
14286.873 204.5
14321.794 267.8
14371.435 222.3
14401.599 208.3
14405.393 90.0
14460.698 132.7
14466.567 306.7
14469.904 289.6
14486.680 356.5
14505.927 173.0
14526.626 204.6
14589.177 128.9
14644.496 176.3
14672.081 110.4
14725.498 226.8
14763.760 184.2
14785.597 133.3
14799.595 211.9
14800.987 210.3
14815.160 146.3
14901.664 211.7
14950.799 237.3
14963.471 128.7
14981.887 133.2
15044.656 204.8
15051.004 239.9
15124.329 275.6
15130.474 180.1
15154.177 333.0
15230.891 217.1
15259.848 108.8
15305.344 143.1
15341.556 281.7
15345.670 173.6
15374.787 258.4
15376.121 284.7
15410.711 218.1
15413.498 41.7
15426.360 237.9
15437.941 218.9
15443.959 245.8
15458.094 62.1
15509.782 255.6
15560.965 288.3
15561.817 238.2
15584.163 274.3
15650.289 188.3
15691.683 314.3
15701.333 89.6
15735.063 326.7
15737.865 122.6
15752.988 255.7
15793.616 262.7
15799.038 267.9
15877.911 257.1
15904.612 175.8
15946.811 179.0
15960.445 246.7
15965.344 144.7
15967.578 134.0
16050.773 191.8
16151.853 236.5
16195.958 383.9
16225.773 168.7
16235.963 144.9
16240.920 156.6
16249.121 247.5
16274.649 233.5
16336.935 311.5
16380.785 91.4
16405.766 232.5
16433.710 104.5
16466.466 163.2
16485.105 80.1
16512.147 357.3
16528.669 169.8
16531.444 293.3
16548.130 100.0
16653.100 277.7
16657.746 173.5
16666.423 118.9
16717.713 263.6
16724.101 203.5
16738.132 305.2
16746.947 190.2
16779.192 125.1
16796.128 168.9
16838.001 177.1
16845.075 218.3
16881.501 122.6
16897.493 200.6
16918.280 232.3
16924.516 311.0
16932.433 195.2
16942.781 81.5
16949.508 214.3
16969.364 304.7
16981.011 285.6
16999.259 150.6
17012.590 176.4
17067.751 202.2
17153.709 158.5
17158.600 137.2
17213.956 152.7
17235.141 67.1
17339.538 103.5
17376.566 130.3
17412.471 114.9
17426.178 192.8
17592.069 233.3
17604.042 213.5
17620.391 183.3
17627.786 168.9
17674.560 243.8
17681.338 176.8
17703.433 298.1
17715.081 131.3
17718.139 204.3
17770.171 355.3
17818.708 254.0
17838.703 82.7
17868.686 137.5
17906.301 117.8
17918.812 190.3
18022.732 354.6
18028.706 139.3
18034.964 210.1
18042.261 132.0
18118.355 235.9
18133.593 202.2
18153.434 140.8
18166.026 208.9
18197.237 194.1
18274.082 179.3
18287.849 207.4
18320.032 302.0
18367.954 197.7
18379.791 75.0
18432.553 83.5
18445.168 96.6
18520.981 104.5
18532.016 174.7
18596.744 230.8
18608.468 448.7
18611.842 192.7
18616.772 267.0
18649.133 59.4
18720.665 110.3
18761.376 106.2
18770.253 299.5
18780.758 142.9
18846.449 182.0
18847.840 134.7
18869.909 214.3
18875.628 137.3
18887.276 257.7
18914.508 297.5
18974.640 358.2
18978.325 171.2
19001.716 218.0
19059.470 264.2
19068.605 242.9
19075.259 40.5
19103.024 266.0
19104.412 279.7
19110.908 144.5
19156.626 190.7
19197.168 65.7
19235.713 206.7
19244.579 161.7
19260.226 148.3
19285.918 116.2
19350.431 195.4
19452.162 136.7
19505.296 358.1
19527.625 86.4
19527.896 92.3
19542.006 109.5
19607.308 120.7
19635.523 114.4
19679.232 129.5
19691.400 131.9
19733.468 235.4
19755.215 195.0
19785.767 152.7
19840.348 72.5
19856.632 190.1
19892.744 237.3
19930.257 152.3
19948.016 103.5
19948.411 119.6
20012.945 186.5
20034.974 243.0
20090.975 186.9
20119.573 100.3
20154.720 125.9
20171.953 352.4
20308.549 180.5
20315.005 178.8
20336.634 140.5
20358.663 149.9
20405.465 36.1
20505.588 139.2
20516.913 126.0
20533.613 222.5
20547.412 259.1
20553.948 160.1
20580.526 222.2
20596.669 146.8
20616.928 132.7
20638.787 212.9
20648.847 113.2
20671.475 139.2
20677.388 264.8
20695.710 142.1
20709.308 95.9
20743.843 227.3
20789.260 29.1
20851.515 402.1
20902.291 133.3
20941.003 137.8
20960.094 202.8
20992.906 69.8
20995.032 113.3
21089.272 136.2
21089.810 283.2
21121.351 178.3
21129.668 130.8
21175.744 225.5
21179.520 186.7
21220.501 140.4
21234.255 217.3
21239.221 125.3
21266.567 242.9
21404.462 266.1
21417.627 310.2
21455.309 144.2
21459.275 253.4
21536.331 207.6
21541.328 266.1
21556.062 160.1
21568.637 125.6
21596.091 267.1
21602.284 172.3
21661.213 189.4
21668.976 120.0
21671.406 127.5
21683.338 246.9
21728.340 209.6
21753.141 261.4
21773.709 159.2
21806.639 192.1
21872.899 69.8
21873.195 117.8
21883.939 250.2
21964.128 73.3
21981.789 209.6
22045.499 134.4
22055.367 147.1
22060.141 251.2
22062.441 205.5
22097.499 115.3
22111.514 217.3
22141.062 61.4
22141.802 123.4
22194.465 234.7
22217.856 132.3
22227.285 169.0
22283.870 102.0
22302.223 255.0
22310.738 194.7
22359.057 121.0
22370.957 174.2
22375.474 141.5
22392.322 263.8
22404.944 220.6
22406.696 123.4
22474.490 122.9
22475.191 123.3
22484.427 199.5
22493.245 143.1
22526.662 117.2
22553.185 119.3
22577.608 211.3
22586.706 121.3
22590.516 282.3
22626.707 90.7
22787.990 312.0
22808.747 201.5
22883.350 219.5
22892.905 166.2
22934.338 178.9
22981.757 190.3
23082.180 86.1
23084.976 213.2
23105.442 193.9
23129.303 187.6
23134.079 69.7
23158.345 115.2
23172.319 163.6
23183.320 180.2
23268.015 68.5
23350.966 109.8
23389.759 207.9
23394.828 150.3
23453.489 134.9
23483.566 259.0
23503.480 150.7
23518.280 99.1
23519.094 86.0
23527.846 185.4
23559.126 92.4
23618.353 136.1
23624.850 128.6
23651.288 184.8
23657.246 270.7
23658.875 118.5
23719.253 126.5
23736.524 294.1
23771.228 219.9
23787.794 160.5
23814.911 228.0
23853.165 180.9
23956.375 212.5
23973.491 290.5
24019.624 304.6
24049.228 181.5
24112.484 113.0
24229.293 198.5
24236.329 130.6
24277.793 214.4
24290.402 201.4
24297.686 186.9
24367.326 233.5
24393.500 258.4
24395.173 174.5
24420.804 231.1
24426.826 206.6
24433.291 129.7
24439.538 81.1
24441.108 337.8
24445.100 110.8
24465.855 227.1
24490.352 237.0
24507.030 218.9
24518.614 285.5
24577.074 262.2
24621.171 262.8
24755.253 115.4
24776.781 199.5
24821.572 197.9
24852.228 219.4
24896.774 42.2
24897.952 261.0
24925.953 174.5
24932.921 245.7
25007.016 127.2
25026.127 186.7
25069.135 139.6
25150.961 133.4
25207.920 226.5
25234.560 276.0
25235.111 191.0
25262.772 233.6
25268.833 159.0
25294.380 110.7
25321.419 145.5
25326.345 206.1
25371.493 152.8
25401.541 106.9
25445.483 222.9
25470.336 161.6
25479.143 203.5
25490.740 153.6
25543.515 109.8
25584.041 56.5
25598.767 202.8
25612.398 283.9
25614.203 106.9
25635.603 97.3
25638.950 202.6
25704.526 257.7
25733.823 166.2
25791.341 130.9
25804.650 237.9
25823.742 192.7
25887.364 212.2
25944.864 370.2
25961.509 271.0
26005.017 125.8
26065.925 160.4
26067.694 173.4
26071.438 216.5
26086.313 72.8
26181.863 228.2
26189.580 254.3
26192.401 160.0
26196.437 68.9
26292.191 116.0
26317.250 155.3
26342.450 239.0
26438.175 312.4
26442.139 267.5
26457.939 210.8
26458.793 148.5
26484.817 131.4
26499.781 54.9
26522.199 219.6
26582.391 225.7
26627.139 107.5
26634.045 159.1
26672.415 140.0
26677.977 242.9
26696.426 164.4
26752.757 207.2
26756.550 160.5
26807.442 206.7
26878.655 105.6
26951.402 119.0
26980.889 199.5
26982.354 105.7
26988.956 347.9
26995.535 265.5
27016.913 156.6
27077.647 189.9
27107.385 126.5
27113.741 79.8
27135.398 214.2
27139.922 174.7
27161.047 437.3
27169.460 218.7
27204.841 77.6
27243.560 283.0
27244.323 137.6
27264.113 183.8
27280.830 99.8
27285.236 30.9
27297.385 130.6
27318.642 219.8
27332.784 164.5
27340.771 210.9
27362.014 237.7
27457.576 125.0
27477.953 221.3
27512.171 327.4
27528.175 157.0
27565.601 221.7
27612.559 233.5
27625.984 283.8
27643.087 138.4
27648.957 136.0
27690.817 107.4
27742.195 154.0
27792.162 161.8
27885.297 128.6
27973.268 319.2
27996.959 150.7
28026.720 118.8
28080.103 179.6
28130.583 156.5
28157.388 241.9
28169.551 332.4
28200.601 77.0
28218.276 87.4
28269.183 172.6
28283.492 228.7
28294.014 136.7
28304.006 137.6
28309.544 275.1
28394.676 173.2
28411.571 160.6
28432.904 67.3
28476.203 149.4
28526.664 58.5
28530.896 147.8
28561.056 138.7
28566.897 280.4
28568.605 311.1
28570.036 133.6
28581.470 297.1
28586.125 124.1
28595.947 194.0
28676.613 179.0
28766.388 170.9
28876.797 139.5
28891.004 163.5
28908.456 369.7
28909.544 120.7
28913.252 127.2
29031.861 101.3
29051.746 141.7
29091.181 122.8
29139.930 150.9
29141.637 135.0
29152.648 168.1
29179.214 207.9
29185.745 160.5
29192.551 116.0
29228.109 106.9
29273.981 288.1
29324.883 160.2
29338.610 316.6
29360.811 190.0
29413.573 173.4
29486.680 231.4
29502.244 181.7
29530.711 288.4
29554.843 182.4
29596.546 233.2
29617.387 447.5
29630.242 395.2
29634.025 164.8
29686.637 285.3
29710.134 117.4
29748.689 215.2
29754.096 289.5
29851.564 59.3
29885.313 146.4
29888.625 251.0
29949.957 218.8
29955.232 352.5
30077.651 272.3
30220.574 217.4
30274.206 73.3
30282.609 154.5
